% latex table generated in R 4.3.2 by xtable 1.8-4 package
% Tue Mar 19 09:05:09 2024
\begin{table}[ht]
\centering
\caption{Posterior 2.5\% percentile for Table 3 in the main manuscript.} 
\label{table:corrs025_FX}
\scalebox{0.8}{
\begin{tabular}{rrrrrrrr}
  \hline
 & avrg RV & Mkt:eql & VIX & Geweke & Jore1 & DelNegro & logLik diff \\ 
  \hline
avrg RV & 1.000 & 0.914 & 0.646 & -0.102 & 0.088 & 0.133 & 0.085 \\ 
  Mkt:eql & 0.914 & 1.000 & 0.538 & -0.169 & 0.092 & 0.142 & 0.110 \\ 
  VIX & 0.646 & 0.538 & 1.000 & 0.152 & 0.211 & 0.335 & 0.172 \\ 
  Geweke & -0.102 & -0.169 & 0.152 & 1.000 & 0.155 & 0.267 & 0.122 \\ 
  Jore1 & 0.088 & 0.092 & 0.211 & 0.155 & 1.000 & 0.617 & 0.900 \\ 
  DelNegro & 0.133 & 0.142 & 0.335 & 0.267 & 0.617 & 1.000 & 0.559 \\ 
  logLik diff & 0.085 & 0.110 & 0.172 & 0.122 & 0.900 & 0.559 & 1.000 \\ 
   \hline
\end{tabular}
}
\end{table}
